3	168594083	168594083	1		13919
9	72586910	72586910	1		35247
14	79120259	79120259	1		51174
6	36843458	36843458	1		24272
21	19626353	19626353	1		64044
5	33206580	33206580	1		19853
8	5825217	5825217	1		30924
6	111941771	111941771	1		25609
10	49769474	49769474	1		38368
10	37110235	37110235	1		38253
20	59785516	59785516	1		63797
7	10987175	10987175	1		27396
12	95957745	95957745	1		45975
9	112280051	112280051	1		36253
2	218644086	218644086	1		9702
1	233163795	233163795	1		4787
8	1859902	1859902	1		30676
2	30830156	30830156	1		6163
6	3608780	3608780	1		23269
10	129043642	129043642	1		40264
